6 4 0
7 4 0
7 4 0
9 5 0
10 6 0
10 8 0
11 7 0
12 8 0
10 7 0
13 9 0
14 10 0
14 10 0
17 13 0
14 10 0
17 14 0
18 15 0
17 16 0
18 16 0
20 16 0
20 19 0
20 19 0
20 17 0
24 20 0
24 20 0
24 23 0
26 23 0
27 26 0
28 25 0
27 26 0
29 26 0
31 30 0
33 30 0
31 30 0
33 29 0
31 30 0
34 30 0
34 30 0
34 33 0
36 33 0
43 39 0
0 -1 0
2 0 0
1 0 0
3 0 0
5 2 0
4 1 0
4 3 0
5 3 0
6 3 0
6 5 0
8 5 0
8 4 0
8 5 0
7 6 0
8 6 0
7 6 0
9 6 0
9 8 0
9 8 0
11 7 0
10 9 0
11 9 0
10 9 0
13 9 0
10 9 0
13 11 0
15 11 0
14 13 0
15 13 0
15 13 0
16 13 0
16 15 0
19 15 0
18 14 0
18 15 0
19 15 0
19 16 0
17 16 0
19 16 0
20 18 0
20 19 0
21 19 0
21 17 0
20 19 0
22 20 0
23 20 0
25 21 0
23 21 0
25 22 0
25 23 0
26 25 0
29 25 0
25 23 0
26 25 0
28 25 0
28 25 0
29 25 0
29 26 0
30 29 0
30 26 0
29 28 0
30 29 0
30 29 0
32 30 0
30 29 0
33 30 0
35 32 0
38 35 0
39 38 0
40 39 0
