6 4 7 8 5 0 3 2 1
6 4 7 8 5 1 3 2 0
6 4 7 8 5 1 3 0 2
6 4 7 8 5 1 0 3 2
6 4 7 0 5 1 8 3 2
0 4 7 6 5 1 8 3 2
4 0 7 6 5 1 8 3 2
4 7 0 6 5 1 8 3 2
4 7 1 6 5 0 8 3 2
4 7 1 6 5 2 8 3 0
4 7 1 6 5 2 8 0 3
4 7 1 6 5 2 0 8 3
4 7 1 0 5 2 6 8 3
0 7 1 4 5 2 6 8 3
7 0 1 4 5 2 6 8 3
7 1 0 4 5 2 6 8 3
7 1 2 4 5 0 6 8 3
7 1 2 4 5 3 6 8 0
7 1 2 4 5 3 6 0 8
7 1 2 4 5 3 0 6 8
7 1 2 0 5 3 4 6 8
0 1 2 7 5 3 4 6 8
1 0 2 7 5 3 4 6 8
1 2 0 7 5 3 4 6 8
1 2 3 7 5 0 4 6 8
1 2 3 7 0 5 4 6 8
1 2 3 7 6 5 4 0 8
1 2 3 7 6 5 4 8 0
1 2 3 7 6 0 4 8 5
1 2 3 7 0 6 4 8 5
1 2 3 0 7 6 4 8 5
1 2 3 4 7 6 0 8 5
1 2 3 4 7 6 8 0 5
1 2 3 4 7 6 8 5 0
1 2 3 4 7 0 8 5 6
1 2 3 4 0 7 8 5 6
1 2 3 4 5 7 8 0 6
1 2 3 4 5 7 0 8 6
1 2 3 0 5 7 4 8 6
1 2 3 5 0 7 4 8 6
1 2 3 5 7 0 4 8 6
1 2 3 5 7 6 4 8 0
1 2 3 5 7 6 4 0 8
1 2 3 5 0 6 4 7 8
1 2 3 0 5 6 4 7 8
1 2 3 4 5 6 0 7 8
1 2 3 4 5 6 7 0 8
1 2 3 4 5 6 7 8 0
